32.333    0.0    1295.10447
32.34464    0.0    1342.57926
32.35628    0.0    1142.84288
32.36792    0.0    1312.95011
32.37956    0.0    1250.55241
32.3912    0.0    1334.61448
32.40284    0.0    1192.58743
32.41448    0.0    1084.87129
32.42612    0.0    902.04575
32.43776    0.0    929.56774
32.4494    0.0    769.00521
32.46104    0.0    779.11899
32.47268    0.0    753.36564
32.48432    0.0    739.67981
32.49596    0.0    690.71628
32.5076    0.0    566.70169
32.51924    32.99853    705.35621
32.53088    12.24607    753.42028
32.54252    62.10855    707.11175
32.55416    46.77435    679.43536
32.5658    0.0    721.83251
32.57744    0.0    729.99623
32.58908    0.0    722.23488
32.60072    0.0    699.5184
32.61236    0.0    833.01839
32.624    0.0    888.17952
32.63564    0.0    702.71875
32.64728    0.0    744.72957
32.65892    0.0    762.48805
32.67056    0.0    819.13678
32.6822    0.0    864.14665
32.69384    0.0    814.48767
32.70548    0.0    983.2372
32.71712    0.0    778.74274
32.72876    0.0    883.9647
32.7404    0.0    931.06339
32.75204    0.0    978.28763
32.76368    0.0    865.7176
32.77532    0.0    739.30993
32.78696    0.0    772.89334
32.7986    0.0    479.44933
32.81024    0.0    212.9981
32.82188    0.0    145.7451
32.83352    0.0    7.30775
32.84516    152.46182    0.0
32.8568    61.18879    0.0
32.86844    118.14936    0.0
32.88008    161.09736    0.0
32.89172    310.06389    0.0
32.90336    574.58475    0.0
32.915    624.56264    0.0
32.92664    706.98209    0.0
32.93828    847.97717    0.0
32.94992    980.26764    0.0
32.96156    1127.20336    0.0
32.9732    1237.58049    0.0
32.98484    1548.50062    0.0
32.99648    1439.21959    4.53109
33.00812    1543.03319    55.97995
33.01976    1610.12556    93.94146
33.0314    1545.66783    44.71111
33.04304    1568.69555    0.0
33.05468    1412.00508    0.0
33.06632    1380.22232    0.0
33.07796    1151.70305    0.0
33.0896    1226.68089    0.0
33.10124    932.19013    0.0
33.11288    942.97673    0.0
33.12452    885.13696    0.0
33.13616    923.63791    0.0
33.1478    803.01953    0.0
33.15944    660.02577    0.0
33.17108    673.41411    0.0
33.18272    773.92246    0.0
33.19436    782.20553    0.0
33.206    764.67503    0.0
33.21764    740.07511    0.0
33.22928    715.49723    0.0
33.24092    729.37713    0.0
33.25256    701.7992    0.0
33.2642    583.70166    0.0
33.27584    752.73691    0.0
33.28748    893.79791    0.0
33.29912    673.92845    0.0
33.31076    764.96516    0.0
33.3224    729.7675    0.0
33.33404    776.1704    0.0
33.34568    691.22233    0.0
33.35732    787.18406    0.0
33.36896    702.00507    0.0
33.3806    746.40846    46.08897
33.39224    660.73334    261.11432
33.40388    620.27536    202.92856
33.41552    518.07443    701.61981
33.42716    296.37464    958.11589
33.4388    270.62294    1242.41839
33.45044    352.12484    1331.54226
33.46208    288.13866    1066.23535
33.47372    251.74276    1177.57811
33.48536    56.58823    1304.8975
33.507    0.0    1551.79265
33.51866    0.0    1525.08028
33.53032    0.0    1371.49213
33.54198    0.0    1479.85534
33.55364    0.0    1445.88878
33.5653    0.0    1350.89904
33.57696    0.0    1156.87516
33.58862    0.0    1089.42925
33.60028    0.0    1067.06783
33.61194    42.78962    943.7294
33.6236    72.063    898.8857
33.63526    34.98124    784.20147
33.64692    16.014    795.50638
33.65858    18.08132    958.39635
33.67024    12.69819    874.38951
33.6819    0.0    892.16143
33.69356    0.0    761.84763
33.70522    0.0    762.90475
33.71688    0.0    682.2233
33.72854    0.0    782.37006
33.7402    0.0    876.4038
33.75186    0.0    847.72112
33.76352    0.0    825.2579
33.77518    0.0    851.00703
33.78684    0.0    849.99753
33.7985    0.0    888.71306
33.81016    0.0    753.89805
33.82182    0.0    779.89187
33.83348    0.0    738.87598
33.84514    0.0    786.571
33.8568    0.0    855.68185
33.86846    0.0    878.033
33.88012    0.0    796.80551
33.89178    0.0    865.41496
33.90344    0.0    854.1962
33.9151    0.0    1020.97428
33.92676    0.0    739.5953
33.93842    0.0    743.64205
33.95008    51.77365    784.66897
33.96174    25.05229    797.93917
33.9734    83.25929    516.58617
33.98506    105.57725    166.99371
33.99672    0.0    152.04892
34.00838    0.0    136.15186
34.02004    0.0    0.0
34.0317    12.9028    0.0
34.04336    167.17109    0.0
34.05502    166.81755    0.0
34.06668    348.28274    0.0
34.07834    559.5578    0.0
34.09    745.45733    0.0
34.10166    761.90384    0.0
34.11332    925.9896    0.0
34.12498    1112.51436    0.0
34.13664    1363.29068    0.0
34.1483    1293.68691    0.0
34.15996    1536.25861    0.0
34.17162    1553.84216    0.0
34.18328    1631.20456    0.0
34.19494    1571.11546    0.0
34.2066    1573.54307    0.0
34.21826    1518.05125    0.0
34.22992    1458.09962    0.0
34.24158    1497.82969    0.0
34.25324    1327.26139    0.0
34.2649    1250.44228    0.0
34.27656    1143.98739    0.0
34.28822    1095.39231    0.0
34.29988    1029.42055    0.0
34.31154    1065.93821    0.0
34.3232    948.92594    0.0
34.33486    683.38354    0.0
34.34652    876.85828    0.0
34.35818    751.6654    0.0
34.36984    683.65458    0.0
34.3815    696.61125    0.0
34.39316    766.88315    0.0
34.40482    947.60817    0.0
34.41648    719.85926    0.0
34.42814    701.18689    0.0
34.4398    749.46235    0.0
34.45146    883.7344    0.0
34.46312    861.50747    0.0
34.47478    875.89748    0.0
34.48644    838.54828    0.0
34.4981    900.93367    0.0
34.50976    826.24419    0.0
34.52142    813.26515    84.69769
34.53308    701.79531    102.87454
34.54474    688.19181    392.09996
34.5564    708.31304    536.97971
34.56806    625.19767    779.91297
34.57972    710.55985    851.38823
34.59138    569.31331    914.33265
34.60304    290.67259    1033.88998
34.6147    386.58708    1126.54868
34.62636    382.34994    1207.88087
34.63802    240.06474    1289.35976
34.64968    183.06885    1292.78
34.66134    385.11438    1371.94582
34.683    0.0    1307.8999
34.69465    0.0    1278.75886
34.7063    0.0    1350.71864
34.71795    0.0    1326.195
34.7296    0.0    1229.62342
34.74125    0.0    1179.85667
34.7529    0.0    1057.74613
34.76455    0.0    907.26871
34.7762    0.0    832.302
34.78785    0.0    826.93721
34.7995    0.0    871.17024
34.81115    0.0    661.21337
34.8228    0.0    925.60618
34.83445    0.0    653.50056
34.8461    0.0    692.53622
34.85775    0.0    580.99563
34.8694    0.0    503.41718
34.88105    0.0    626.31886
34.8927    0.0    725.65208
34.90435    0.0    716.31641
34.916    0.0    603.65326
34.92765    0.0    709.91572
34.9393    0.0    753.53934
34.95095    0.0    672.41614
34.9626    0.0    796.92663
34.97425    0.0    767.8268
34.9859    0.0    853.80438
34.99755    0.0    826.80072
35.0092    0.0    788.42013
35.02085    0.0    895.78918
35.0325    0.0    796.73727
35.04415    0.0    844.55919
35.0558    0.0    842.73138
35.06745    0.0    973.31607
35.0791    0.0    1005.88947
35.09075    0.0    824.07045
35.1024    0.0    608.20494
35.11405    0.0    788.81594
35.1257    0.0    565.97616
35.13735    0.0    401.21148
35.149    0.0    292.69495
35.16065    0.0    107.10684
35.1723    0.0    44.30121
35.18395    0.0    109.46042
35.1956    345.88942    53.78262
35.20725    121.10611    0.0
35.2189    242.53467    0.0
35.23055    328.37738    0.0
35.2422    562.28814    0.0
35.25385    766.2778    0.0
35.2655    764.25952    0.0
35.27715    1005.51043    14.13986
35.2888    1071.81379    89.63863
35.30045    1122.37944    33.90074
35.3121    1415.81733    81.41068
35.32375    1474.39198    0.0
35.3354    1381.6998    0.0
35.34705    1458.08423    0.0
35.3587    1543.01835    0.0
35.37035    1635.36729    0.0
35.382    1628.63841    0.0
35.39365    1369.88818    0.0
35.4053    1216.34644    0.0
35.41695    1292.71013    0.0
35.4286    1159.41088    0.0
35.44025    787.08943    1.15757
35.4519    815.12022    17.11217
35.46355    737.60887    27.34358
35.4752    645.89479    18.292
35.48685    705.56185    10.18323
35.4985    709.03563    69.97634
35.51015    604.64613    0.0
35.5218    717.75094    0.0
35.53345    649.86586    0.0
35.5451    702.13334    0.0
35.55675    708.02652    0.0
35.5684    812.87473    0.0
35.58005    677.8455    0.0
35.5917    612.86762    0.0
35.60335    740.92612    0.0
35.615    650.18684    0.0
35.62665    702.18172    0.0
35.6383    624.95234    0.0
35.64995    829.00444    0.0
35.6616    825.04557    0.0
35.67325    693.79527    0.0
35.6849    712.78671    0.0
35.69655    751.83194    0.0
35.7082    674.17685    125.11722
35.71985    696.13834    287.09342
35.7315    505.23645    563.7212
35.74315    600.526    725.71236
35.7548    535.18997    824.25727
35.76645    338.15206    982.65257
35.7781    390.25539    1064.80484
35.78975    265.04294    1194.83485
35.8014    164.6115    1239.49879
35.81305    121.62248    1363.0122
35.8247    144.06058    1396.05976
35.83635    97.53642    1353.70808
35.858    0.0    1487.50622
35.86954    0.0    1372.06306
35.88108    0.0    1302.96062
35.89262    0.0    1329.03381
35.90416    0.0    1271.60512
35.9157    0.0    1263.17447
35.92724    0.0    1110.40663
35.93878    0.0    999.75543
35.95032    0.0    996.4798
35.96186    0.0    876.6684
35.9734    0.0    821.70716
35.98494    0.0    768.62584
35.99648    0.0    753.12967
36.00802    0.0    766.6698
36.01956    0.0    804.04707
36.0311    0.0    690.2461
36.04264    0.0    932.16079
36.05418    0.0    699.47258
36.06572    0.0    881.32834
36.07726    0.0    891.25791
36.0888    0.0    753.63214
36.10034    0.0    757.37674
36.11188    0.0    542.90632
36.12342    0.0    898.97448
36.13496    0.0    867.8714
36.1465    0.0    862.50222
36.15804    0.0    832.30182
36.16958    0.0    818.93493
36.18112    0.0    855.7197
36.19266    0.0    833.14201
36.2042    0.0    820.11068
36.21574    0.0    828.96368
36.22728    0.0    859.52485
36.23882    0.0    801.92666
36.25036    0.0    809.64686
36.2619    0.0    750.70615
36.27344    0.0    649.5896
36.28498    0.0    740.40952
36.29652    0.0    529.86542
36.30806    0.0    398.53544
36.3196    0.0    73.53393
36.33114    29.28184    36.08424
36.34268    9.22133    0.0
36.35422    52.13781    0.0
36.36576    120.105    0.0
36.3773    158.2814    0.0
36.38884    392.98117    0.0
36.40038    448.88693    0.0
36.41192    570.7145    0.0
36.42346    620.08934    0.0
36.435    717.43748    0.0
36.44654    891.90359    0.0
36.45808    1158.63285    0.0
36.46962    1263.09437    0.0
36.48116    1688.99886    0.0
36.4927    1441.263    3.39929
36.50424    1498.9781    9.146
36.51578    1609.79454    33.93866
36.52732    1457.6067    76.1574
36.53886    1364.83588    1.16166
36.5504    1311.88328    0.0
36.56194    1329.66074    0.0
36.57348    1269.52642    0.0
36.58502    1163.87622    0.0
36.59656    1121.18314    0.0
36.6081    1187.29809    0.0
36.61964    889.80797    0.0
36.63118    838.4549    0.0
36.64272    679.97203    0.0
36.65426    812.75316    0.0
36.6658    706.05523    0.0
36.67734    635.18654    0.0
36.68888    653.09078    0.0
36.70042    683.55178    0.0
36.71196    691.37167    0.0
36.7235    674.5891    0.0
36.73504    737.71725    0.0
36.74658    779.19506    0.0
36.75812    672.0836    0.0
36.76966    677.4031    0.0
36.7812    669.5494    0.0
36.79274    715.98652    0.0
36.80428    828.01411    0.0
36.81582    673.33923    0.0
36.82736    701.85477    0.0
36.8389    649.19174    0.0
36.85044    668.09024    0.0
36.86198    651.86823    98.55977
36.87352    632.93679    151.10166
36.88506    609.47928    273.39392
36.8966    613.65559    481.62941
36.90814    596.18046    568.49834
36.91968    482.88323    600.04453
36.93122    353.40933    874.20769
36.94276    601.99891    1048.59641
36.9543    228.66188    1084.8316
36.96584    212.40937    1255.41394
36.97738    158.41609    1337.8597
36.98892    84.37877    1358.96908
37.00046    104.091    1315.60231
37.022    0.0    1283.80144
37.03326    0.0    1337.93639
37.04452    30.26175    1434.1712
37.05578    77.73885    1231.48427
37.06704    16.08212    1206.3419
37.0783    34.11393    1179.857
37.08956    9.75764    1046.38215
37.10082    0.0    865.89905
37.11208    0.0    850.594
37.12334    0.0    760.43176
37.1346    0.0    771.02564
37.14586    0.0    849.58301
37.15712    0.0    781.00061
37.16838    0.0    727.89803
37.17964    0.0    687.3567
37.1909    0.0    672.66528
37.20216    0.0    712.66653
37.21342    0.0    671.08189
37.22468    0.0    774.60528
37.23594    0.0    810.50632
37.2472    0.0    831.58222
37.25846    0.0    788.29515
37.26972    0.0    790.81585
37.28098    0.0    824.31706
37.29224    0.0    928.16695
37.3035    0.0    690.97672
37.31476    0.0    672.43972
37.32602    0.0    853.74398
37.33728    0.0    872.85586
37.34854    0.0    790.77182
37.3598    0.0    798.35638
37.37106    0.0    789.14091
37.38232    0.0    767.58113
37.39358    0.0    846.75995
37.40484    0.0    879.49011
37.4161    0.0    786.87942
37.42736    0.0    732.21826
37.43862    0.0    698.8862
37.44988    0.0    518.39551
37.46114    0.0    375.87331
37.4724    0.0    287.90907
37.48366    0.0    169.28577
37.49492    0.0    144.91972
37.50618    0.0    323.42174
37.51744    0.0    15.66464
37.5287    20.75303    0.0
37.53996    127.53739    0.0
37.55122    329.64677    0.0
37.56248    576.04298    0.0
37.57374    1017.45938    0.0
37.585    1185.04482    0.0
37.59626    1320.10613    0.0
37.60752    1311.69583    0.0
37.61878    1353.186    0.0
37.63004    1362.86358    0.0
37.6413    1433.48348    0.0
37.65256    1546.37061    0.0
37.66382    1467.02564    0.0
37.67508    1437.54773    0.0
37.68634    1521.30339    0.0
37.6976    1495.40429    0.0
37.70886    1455.65103    0.0
37.72012    1369.31333    0.0
37.73138    1218.98216    0.0
37.74264    1158.44433    0.0
37.7539    1081.44632    0.0
37.76516    902.67043    0.0
37.77642    930.31288    0.0
37.78768    860.99099    8.10104
37.79894    944.04065    106.48306
37.8102    801.66377    43.18261
37.82146    807.70381    36.40875
37.83272    917.04586    18.01829
37.84398    739.87605    0.0
37.85524    684.51294    0.0
37.8665    699.41294    0.0
37.87776    717.3475    0.0
37.88902    773.65922    0.0
37.90028    658.94396    0.0
37.91154    818.2424    0.0
37.9228    703.17419    0.0
37.93406    712.96016    0.0
37.94532    731.86716    0.0
37.95658    773.30224    0.0
37.96784    788.14215    0.0
37.9791    770.11034    0.0
37.99036    816.66546    0.0
38.00162    610.9211    0.0
38.01288    631.28403    0.0
38.02414    548.13816    206.86422
38.0354    459.60727    525.3477
38.04666    422.50076    699.60086
38.05792    438.66132    821.42113
38.06918    508.72047    801.46453
38.08044    315.77686    1086.85154
38.0917    328.93112    1013.38527
38.10296    264.11211    1186.30133
38.11422    175.64928    1200.20744
38.12548    76.14948    1427.45598
38.13674    71.05699    1444.23081
38.158    0.0    1587.77688
38.16916    0.0    1431.03479
38.18032    0.0    1427.31166
38.19148    0.0    1326.98175
38.20264    0.0    1350.03863
38.2138    0.0    1128.44461
38.22496    0.0    1004.09141
38.23612    0.0    1208.31406
38.24728    0.0    905.0279
38.25844    0.0    799.91632
38.2696    0.0    656.6953
38.28076    0.0    738.92464
38.29192    23.71164    660.86887
38.30308    91.03756    652.89404
38.31424    85.69861    630.46702
38.3254    12.34945    658.87121
38.33656    27.02294    728.87383
38.34772    0.0    649.65178
38.35888    0.0    689.84714
38.37004    0.0    684.20112
38.3812    0.0    732.09716
38.39236    0.0    752.38448
38.40352    0.0    819.26765
38.41468    0.0    771.83653
38.42584    0.0    715.66125
38.437    0.0    817.64908
38.44816    0.0    808.62986
38.45932    0.0    697.08422
38.47048    0.0    805.54045
38.48164    0.0    706.37705
38.4928    0.0    614.60225
38.50396    0.0    709.2254
38.51512    0.0    805.29007
38.52628    0.0    800.19341
38.53744    0.0    786.57111
38.5486    0.0    733.90804
38.55976    0.0    728.55062
38.57092    0.0    550.61964
38.58208    0.0    354.49389
38.59324    0.0    196.69226
38.6044    21.12457    190.46116
38.61556    99.48849    43.42196
38.62672    93.6343    36.94447
38.63788    59.34621    259.22196
38.64904    78.6055    10.08826
38.6602    153.71894    0.0
38.67136    340.53611    0.0
38.68252    701.08451    0.0
38.69368    950.33472    0.0
38.70484    1041.75147    0.0
38.716    1036.92442    0.0
38.72716    1030.39174    0.0
38.73832    1161.25534    0.0
38.74948    1386.83362    0.0
38.76064    1486.69296    0.0
38.7718    1728.56252    0.0
38.78296    1592.28954    0.0
38.79412    1466.68906    0.0
38.80528    1453.04769    0.0
38.81644    1397.72141    0.0
38.8276    1290.10015    0.0
38.83876    1293.17424    0.0
38.84992    1058.85838    0.0
38.86108    1155.05825    0.0
38.87224    970.88331    0.0
38.8834    824.723    0.0
38.89456    922.67569    0.0
38.90572    807.16746    0.0
38.91688    705.61146    0.0
38.92804    784.92839    9.21325
38.9392    829.21912    18.292
38.95036    748.43631    11.54464
38.96152    732.49809    71.50011
38.97268    734.71395    161.98784
38.98384    729.93643    2.41181
38.995    698.20951    0.0
39.00616    681.93735    0.0
39.01732    846.67573    0.0
39.02848    777.56404    0.0
39.03964    797.69164    0.0
39.0508    798.77196    0.0
39.06196    759.88434    0.0
39.07312    835.03367    0.0
39.08428    746.55195    0.0
39.09544    736.2    0.0
39.1066    545.11989    0.0
39.11776    683.41934    185.46594
39.12892    677.88799    330.72267
39.14008    599.90178    238.17017
39.15124    560.88034    323.21065
39.1624    594.13202    585.69617
39.17356    741.71729    596.78309
39.18472    489.87736    881.55255
39.19588    369.73702    907.10757
39.20704    410.46927    907.84368
39.2182    466.32704    915.33335
39.22936    350.85595    1097.88678
39.24052    337.13169    1112.2352
39.25168    258.72538    1153.06373
39.26284    139.48055    1214.9849
39.284    0.0    1188.99674
39.29566    0.0    1204.93542
39.30732    0.0    1369.25321
39.31898    0.0    1217.27081
39.33064    0.0    1212.23976
39.3423    0.0    1038.36061
39.35396    0.0    1088.88862
39.36562    0.0    1128.02233
39.37728    0.0    1139.98264
39.38894    0.0    919.46115
39.4006    0.0    889.92605
39.41226    0.0    931.54942
39.42392    0.0    763.38547
39.43558    0.0    758.09419
39.44724    0.0    770.35418
39.4589    0.0    716.68088
39.47056    0.0    749.98667
39.48222    0.0    702.23601
39.49388    0.0    702.56928
39.50554    0.0    769.39339
39.5172    0.0    736.81543
39.52886    0.0    666.37526
39.54052    0.0    718.30737
39.55218    0.0    624.71832
39.56384    0.0    651.28174
39.5755    0.0    701.50474
39.58716    0.0    768.56462
39.59882    0.0    793.21601
39.61048    0.0    753.12557
39.62214    0.0    700.30447
39.6338    0.0    887.52592
39.64546    0.0    915.09467
39.65712    0.0    1005.27385
39.66878    0.0    856.49958
39.68044    0.0    816.73001
39.6921    0.0    764.40936
39.70376    0.0    795.06899
39.71542    0.0    714.85832
39.72708    0.0    592.32935
39.73874    0.0    586.92545
39.7504    0.0    451.08859
39.76206    0.0    286.25285
39.77372    0.0    94.44215
39.78538    0.0    0.0
39.79704    263.31545    0.0
39.8087    33.39171    0.0
39.82036    85.77036    0.0
39.83202    232.42026    0.0
39.84368    298.95453    0.0
39.85534    571.38503    0.0
39.867    890.39498    0.0
39.87866    737.60397    0.0
39.89032    966.14234    0.0
39.90198    1002.76548    0.0
39.91364    1140.57818    0.0
39.9253    1221.39317    4.86404
39.93696    1403.54927    15.52848
39.94862    1574.48207    97.13948
39.96028    1550.57597    126.36071
39.97194    1629.8191    51.64436
39.9836    1543.0447    0.0
39.99526    1465.07685    0.0
40.00692    1280.754    0.0
40.01858    1303.43072    0.0
40.03024    1332.25897    0.0
40.0419    1077.42019    0.0
40.05356    978.606    0.0
40.06522    1023.11822    0.0
40.07688    970.29553    0.0
40.08854    839.12907    0.0
40.1002    879.16601    0.0
40.11186    848.97138    0.0
40.12352    722.30684    0.0
40.13518    731.34129    0.0
40.14684    707.19775    0.0
40.1585    695.42422    0.0
40.17016    762.58361    0.0
40.18182    595.96288    0.0
40.19348    781.95045    0.0
40.20514    968.28122    0.0
40.2168    777.64646    0.0
40.22846    825.70173    0.0
40.24012    700.35317    0.0
40.25178    735.69754    0.0
40.26344    716.47659    4.07797
40.2751    759.64284    20.29755
40.28676    824.99614    43.20256
40.29842    985.40599    80.86668
40.31008    720.29986    260.31341
40.32174    731.61331    343.73687
40.3334    745.62577    613.88249
40.34506    737.6133    759.41075
40.35672    741.12756    937.18727
40.36838    628.23394    956.1771
40.38004    503.76083    925.21553
40.3917    355.34424    1304.42133
40.40336    389.19391    1459.16132
40.41502    171.73181    1606.08454
40.42668    173.69263    1541.66413
40.43834    150.75458    1554.85
40.46    0.0    1544.77172
40.47125    0.0    1511.86257
40.4825    0.0    1391.88123
40.49375    0.0    1258.73862
40.505    0.0    1097.54777
40.51625    0.0    1017.91801
40.5275    0.0    815.82402
40.53875    1.20541    777.18687
40.55    28.8438    795.71727
40.56125    67.04701    728.02186
40.5725    28.01688    556.67208
40.58375    48.45676    655.62095
40.595    12.79248    727.10992
40.60625    0.0    628.34292
40.6175    0.0    665.37348
40.62875    0.0    607.81805
40.64    0.0    676.7972
40.65125    0.0    704.25545
40.6625    0.0    655.62329
40.67375    0.0    638.7864
40.685    0.0    700.61059
40.69625    0.0    797.98902
40.7075    0.0    659.90643
40.71875    0.0    684.57097
40.73    0.0    585.34531
40.74125    0.0    580.79692
40.7525    0.0    738.53695
40.76375    0.0    779.70538
40.775    0.0    878.01925
40.78625    0.0    890.5916
40.7975    0.0    887.179
40.80875    0.0    807.14316
40.82    0.0    759.14348
40.83125    0.0    879.1658
40.8425    0.0    761.43667
40.85375    0.0    696.26222
40.865    0.0    512.19221
40.87625    0.0    459.58817
40.8875    0.0    459.57852
40.89875    0.0    377.27232
40.91    0.0    261.57998
40.92125    0.0    142.2179
40.9325    0.0    273.92953
40.94375    7.19421    37.58576
40.955    88.06495    35.65939
40.96625    97.68295    12.35368
40.9775    310.27322    69.96473
40.98875    722.24377    0.0
41.0    716.627    0.0
41.01125    720.61769    0.0
41.0225    780.66693    0.0
41.03375    888.99289    0.0
41.045    1052.93495    0.0
41.05625    1138.79823    0.0
41.0675    1243.50431    0.0
41.07875    1319.13975    0.0
41.09    1473.29851    0.0
41.10125    1527.54623    0.0
41.1125    1466.8959    0.0
41.12375    1483.3174    0.0
41.135    1405.22015    0.0
41.14625    1295.51913    0.0
41.1575    1163.00718    0.0
41.16875    1161.22539    0.0
41.18    1085.7615    0.0
41.19125    984.863    0.0
41.2025    953.65637    0.0
41.21375    737.53824    0.0
41.225    732.65173    0.0
41.23625    836.74339    0.0
41.2475    698.59362    0.0
41.25875    697.6285    0.0
41.27    712.62246    0.0
41.28125    696.5915    0.0
41.2925    688.61975    0.0
41.30375    786.0313    0.0
41.315    634.15398    0.0
41.32625    651.96103    0.0
41.3375    796.29739    0.0
41.34875    762.05124    0.0
41.36    795.918    0.0
41.37125    622.56471    0.0
41.3825    718.62434    0.0
41.39375    734.05886    0.0
41.405    696.611    0.0
41.41625    709.82742    0.0
41.4275    666.97037    0.0
41.43875    709.95938    104.95694
41.45    587.7102    279.87755
41.46125    556.07321    683.23501
41.4725    568.07878    585.36267
41.48375    508.64641    781.97477
41.495    496.44745    824.05977
41.50625    468.80853    879.06372
41.5175    315.09138    992.80018
41.52875    246.82355    1050.89557
41.54    278.4772    1161.57204
41.55125    196.165    1294.63511
41.5625    114.27303    1230.153
41.57375    131.68139    1214.779
41.595    0.0    1320.72853
41.60641    0.0    1280.12179
41.61782    0.0    1321.86494
41.62923    0.0    1172.28241
41.64064    0.0    1088.1023
41.65205    0.0    1014.52891
41.66346    0.0    797.42889
41.67487    0.0    831.76457
41.68628    0.0    608.78433
41.69769    0.0    763.36503
41.7091    0.0    712.4796
41.72051    0.0    628.30767
41.73192    0.0    616.29868
41.74333    0.0    553.38099
41.75474    0.0    789.04604
41.76615    0.0    669.70412
41.77756    0.0    556.14048
41.78897    0.0    689.68346
41.80038    0.0    648.77772
41.81179    0.0    655.17353
41.8232    0.0    672.79975
41.83461    0.0    557.4294
41.84602    0.0    695.20491
41.85743    0.0    719.92741
41.86884    0.0    607.49278
41.88025    0.0    655.76722
41.89166    0.0    656.12364
41.90307    0.0    685.49383
41.91448    0.0    704.256
41.92589    0.0    761.81547
41.9373    0.97094    611.71007
41.94871    36.14298    594.97717
41.96012    50.49212    654.59042
41.97153    75.47811    601.91436
41.98294    31.86167    681.68387
41.99435    0.0    618.65187
42.00576    0.0    496.08103
42.01717    0.0    643.35668
42.02858    0.0    304.47986
42.03999    0.0    312.97542
42.0514    0.0    124.03552
42.06281    43.79165    15.43046
42.07422    129.85595    0.0
42.08563    49.16812    0.0
42.09704    81.11185    0.0
42.10845    209.20219    0.0
42.11986    456.33887    0.0
42.13127    756.22504    0.0
42.14268    707.62624    0.0
42.15409    683.15232    0.0
42.1655    944.83772    0.0
42.17691    984.51495    0.0
42.18832    1017.4084    0.0
42.19973    1235.06981    0.0
42.21114    1337.172    0.0
42.22255    1298.92685    0.0
42.23396    1187.21121    0.0
42.24537    1363.5545    0.0
42.25678    1339.57008    0.0
42.26819    1421.79416    0.0
42.2796    1364.08337    0.0
42.29101    1178.44493    0.0
42.30242    1135.60324    0.0
42.31383    942.78132    0.0
42.32524    1004.60087    0.0
42.33665    925.08867    0.0
42.34806    807.57675    0.0
42.35947    813.67677    0.0
42.37088    935.46864    0.0
42.38229    786.99229    0.0
42.3937    828.65649    0.0
42.40511    808.60418    0.0
42.41652    760.61632    0.0
42.42793    662.74383    0.0
42.43934    769.27439    0.0
42.45075    746.06976    0.0
42.46216    669.77831    0.0
42.47357    642.87034    0.0
42.48498    648.22855    0.0
42.49639    782.14743    0.0
42.5078    758.41015    0.0
42.51921    782.00075    0.0
42.53062    677.32739    0.0
42.54203    760.44449    0.0
42.55344    725.96309    0.0
42.56485    476.81422    0.0
42.57626    652.35746    15.10296
42.58767    573.51425    53.65606
42.59908    615.47143    84.10559
42.61049    678.57869    138.75267
42.6219    671.60941    502.58108
42.63331    561.69884    1021.36798
42.64472    475.34544    1250.43891
42.65613    537.49338    1405.64688
42.66754    376.76461    1510.2316
42.67895    348.41135    889.51728
42.69036    219.02543    1464.38636
42.70177    183.65249    1515.1209
42.71318    54.63089    1614.79543
42.72459    52.66999    1542.88594
42.746    0.0    1312.46648
42.75768    0.0    1402.3078
42.76936    0.0    1450.30871
42.78104    19.35516    1332.87488
42.79272    32.028    1064.18634
42.8044    16.96962    1003.14962
42.81608    64.92389    1014.48669
42.82776    52.19404    883.7325
42.83944    0.0    921.11636
42.85112    0.0    736.46258
42.8628    0.0    784.0069
42.87448    0.0    760.00342
42.88616    0.0    751.7239
42.89784    0.0    674.49224
42.90952    0.0    720.77763
42.9212    28.83741    746.5291
42.93288    25.80924    874.47136
42.94456    23.56992    884.614
42.95624    16.014    776.75601
42.96792    9.03329    727.13913
42.9796    0.0    675.99539
42.99128    0.0    768.279
43.00296    0.0    779.17354
43.01464    0.0    977.12529
43.02632    0.0    756.58462
43.038    0.0    795.70931
43.04968    0.0    730.38143
43.06136    0.0    856.64904
43.07304    0.0    776.85333
43.08472    0.0    691.97021
43.0964    0.0    839.63373
43.10808    0.0    776.70974
43.11976    0.0    865.98639
43.13144    7.56127    926.43766
43.14312    32.92747    874.24687
43.1548    51.25735    888.16386
43.16648    69.30139    886.94831
43.17816    21.50552    824.20125
43.18984    0.0    652.96298
43.20152    0.0    428.84822
43.2132    0.0    209.63747
43.22488    0.0    70.41485
43.23656    7.30713    63.21083
43.24824    65.95464    328.48855
43.25992    114.0582    0.0
43.2716    235.40068    0.0
43.28328    294.94196    0.0
43.29496    589.00538    0.0
43.30664    729.65783    0.0
43.31832    778.25738    0.0
43.33    964.86517    0.0
43.34168    1096.02183    0.0
43.35336    1196.83012    0.0
43.36504    1299.6195    0.0
43.37672    1442.42191    0.0
43.3884    1449.271    0.0
43.40008    1331.8083    0.0
43.41176    1651.80578    0.0
43.42344    1608.88347    0.0
43.43512    1700.35976    0.0
43.4468    1567.14727    0.0
43.45848    1367.80422    0.0
43.47016    1230.25032    0.0
43.48184    1025.81846    0.0
43.49352    868.61998    0.0
43.5052    869.38135    0.0
43.51688    783.21222    0.0
43.52856    722.0308    0.0
43.54024    735.65075    0.0
43.55192    707.61752    0.0
43.5636    623.44774    0.0
43.57528    578.92234    0.0
43.58696    655.40692    0.0
43.59864    841.57816    0.0
43.61032    749.66711    0.0
43.622    770.25749    0.0
43.63368    845.81461    0.0
43.64536    964.18826    0.0
43.65704    1041.98052    0.0
43.66872    955.86653    0.0
43.6804    997.98444    0.0
43.69208    1050.07443    0.0
43.70376    1034.38207    0.0
43.71544    1073.95215    0.0
43.72712    1001.81966    0.0
43.7388    1049.22771    0.0
43.75048    818.12215    0.0
43.76216    749.64075    112.42913
43.77384    792.695    352.73939
43.78552    769.81969    1020.55739
43.7972    818.00329    881.52056
43.80888    624.79586    1093.79121
43.82056    657.16239    1173.5833
43.83224    545.03158    1172.78478
43.84392    327.63403    1225.62153
43.8556    474.66928    1340.81298
43.86728    342.33276    1415.44825
43.87896    162.13952    1409.82165
43.89064    108.61023    1496.0978
43.90232    47.64119    1408.10438
43.924    0.0    1261.2392
43.93498    0.0    1298.58164
43.94596    0.0    1087.60314
43.95694    0.0    1209.7038
43.96792    0.0    1189.30972
43.9789    0.0    1079.41486
43.98988    0.0    975.43572
44.00086    0.0    937.40655
44.01184    0.0    897.78128
44.02282    0.0    818.00486
44.0338    0.0    763.15611
44.04478    0.0    734.44517
44.05576    0.0    777.42455
44.06674    0.0    819.43964
44.07772    0.0    832.14474
44.0887    0.0    830.21662
44.09968    0.0    890.05354
44.11066    0.0    937.13929
44.12164    0.0    871.5053
44.13262    0.0    887.179
44.1436    0.0    898.90073
44.15458    0.0    943.17277
44.16556    0.0    889.80118
44.17654    0.0    925.3881
44.18752    0.0    904.24332
44.1985    0.0    868.887
44.20948    0.0    946.45395
44.22046    0.0    934.38017
44.23144    0.0    1059.48154
44.24242    0.0    944.2877
44.2534    0.0    1000.94345
44.26438    0.0    1013.42454
44.27536    0.0    958.95181
44.28634    0.0    1000.56213
44.29732    0.0    998.29018
44.3083    0.0    954.23167
44.31928    0.0    917.69338
44.33026    0.0    799.92689
44.34124    0.0    615.02805
44.35222    0.0    514.43879
44.3632    6.73093    343.16701
44.37418    24.31435    118.02219
44.38516    41.89776    65.32988
44.39614    196.66256    142.18269
44.40712    48.17627    92.31411
44.4181    29.15602    18.92106
44.42908    130.82214    0.0
44.44006    465.25892    0.0
44.45104    511.63467    0.0
44.46202    691.16626    0.0
44.473    800.69622    0.0
44.48398    852.81423    0.0
44.49496    889.98305    0.0
44.50594    1067.75674    0.0
44.51692    1150.13752    0.0
44.5279    1240.19092    0.0
44.53888    1346.59359    0.0
44.54986    1393.97049    0.0
44.56084    1491.86527    0.0
44.57182    1459.88744    0.0
44.5828    1502.67137    0.0
44.59378    1454.42233    0.0
44.60476    1424.40583    0.0
44.61574    1270.27138    0.0
44.62672    1155.71414    0.0
44.6377    1193.38264    0.0
44.64868    972.77829    0.0
44.65966    931.94807    0.0
44.67064    955.73678    0.0
44.68162    896.56657    0.0
44.6926    835.95164    0.0
44.70358    826.92474    0.0
44.71456    839.58662    0.0
44.72554    774.06175    0.0
44.73652    978.43781    0.0
44.7475    806.70425    0.0
44.75848    814.64726    0.0
44.76946    797.89684    0.0
44.78044    809.98425    0.0
44.79142    895.61646    0.0
44.8024    695.54694    0.0
44.81338    933.9801    0.0
44.82436    1005.73012    0.0
44.83534    918.65618    0.0
44.84632    893.6313    0.0
44.8573    862.04065    0.0
44.86828    914.63347    0.0
44.87926    990.93244    0.0
44.89024    811.78453    0.0
44.90122    670.84634    26.41494
44.9122    784.85036    350.39539
44.92318    806.86216    827.38464
44.93416    828.06057    701.09527
44.94514    528.00646    904.11896
44.95612    785.3075    959.2432
44.9671    1047.31088    847.0019
44.97808    496.64349    1141.5763
44.98906    367.40095    1146.41754
45.00004    298.74538    1075.46925
45.01102    192.02665    1127.8476
45.032    0.0    1456.98997
45.04376    0.0    1488.06135
45.05552    0.0    1447.94563
45.06728    0.0    1420.81107
45.07904    0.0    1371.61798
45.0908    0.0    1341.01306
45.10256    0.0    1298.41553
45.11432    0.0    1100.82553
45.12608    0.0    1081.95682
45.13784    0.0    1122.70245
45.1496    0.0    1235.30428
45.16136    0.0    1170.07429
45.17312    0.0    844.82985
45.18488    0.0    874.00449
45.19664    0.0    837.12377
45.2084    0.0    766.09366
45.22016    0.0    697.95943
45.23192    0.0    722.548
45.24368    0.0    448.09163
45.25544    0.0    743.60656
45.2672    0.0    827.91859
45.27896    0.0    722.70921
45.29072    0.0    765.70047
45.30248    0.0    674.88102
45.31424    0.0    833.91231
45.326    0.0    871.36728
45.33776    0.0    795.22776
45.34952    0.0    788.62065
45.36128    0.0    864.58819
45.37304    0.0    863.01623
45.3848    0.0    1067.29006
45.39656    0.0    860.60016
45.40832    0.0    964.9664
45.42008    0.0    835.00965
45.43184    0.0    948.47253
45.4436    0.0    912.07874
45.45536    0.0    997.64365
45.46712    0.0    833.46268
45.47888    0.0    930.79512
45.49064    0.0    816.44318
45.5024    20.50874    742.65336
45.51416    18.95512    533.18829
45.52592    124.32231    402.04841
45.53768    133.22951    269.12634
45.54944    5.51441    761.25108
45.5612    24.34692    162.81966
45.57296    93.31382    130.09247
45.58472    99.15058    111.15541
45.59648    333.73432    0.0
45.60824    606.51455    0.0
45.62    736.62848    0.0
45.63176    913.68331    0.0
45.64352    972.127    0.0
45.65528    928.42891    0.0
45.66704    1209.36095    0.0
45.6788    1306.56901    0.0
45.69056    1470.03126    0.0
45.70232    1617.27564    0.0
45.71408    1512.30517    0.0
45.72584    1441.20906    0.0
45.7376    1663.56058    0.0
45.74936    1553.04699    0.0
45.76112    1377.58133    0.0
45.77288    1322.05244    0.0
45.78464    1111.66018    0.0
45.7964    1080.48914    0.0
45.80816    970.93688    0.0
45.81992    868.45233    0.0
45.83168    702.78221    0.0
45.84344    964.11156    0.0
45.8552    622.00355    0.0
45.86696    724.84076    0.0
45.87872    680.46042    0.0
45.89048    686.17523    0.0
45.90224    537.83461    0.0
45.914    619.74276    0.0
45.92576    716.58547    0.0
45.93752    634.74099    0.0
45.94928    718.59713    0.0
45.96104    775.91465    0.0
45.9728    780.35628    121.62607
45.98456    763.52016    232.28201
45.99632    726.09583    82.77372
46.00808    796.31876    16.18556
46.01984    685.00361    9.14636
46.0316    671.29953    0.0
46.04336    780.88664    0.0
46.05512    743.51372    31.13043
46.06688    674.5642    191.35632
46.07864    754.50659    338.86016
46.0904    853.86528    467.91515
46.10216    897.31336    720.43954
46.11392    577.1654    949.71459
46.12568    609.31274    987.15806
46.13744    406.52541    1031.12083
46.1492    194.8904    1335.34182
46.16096    303.18126    1312.65476
46.17272    153.85091    1154.38549
46.18448    51.73847    1271.71191
46.19624    51.82928    1360.16805
46.218    0.0    1441.75166
46.22967    0.0    1320.07988
46.24134    0.0    1296.35663
46.25301    19.25945    1249.25726
46.26468    124.26282    1198.80802
46.27635    144.644    1067.64091
46.28802    21.56243    1004.84932
46.29969    0.0    776.23228
46.31136    0.0    735.39887
46.32303    0.0    811.31305
46.3347    0.0    777.83664
46.34637    0.0    752.70348
46.35804    18.12797    759.25413
46.36971    72.52193    780.89724
46.38138    33.38863    749.986
46.39305    48.25561    787.03648
46.40472    24.90655    822.43812
46.41639    0.0    787.31805
46.42806    0.0    723.79728
46.43973    0.0    831.99449
46.4514    0.0    803.03008
46.46307    0.0    762.56809
46.47474    0.0    764.8902
46.48641    0.0    742.70512
46.49808    0.0    745.1817
46.50975    0.0    703.62842
46.52142    0.0    713.09343
46.53309    0.0    873.72452
46.54476    0.0    700.17651
46.55643    0.0    759.14417
46.5681    0.0    804.42941
46.57977    0.0    706.05043
46.59144    0.0    807.95975
46.60311    0.0    805.3711
46.61478    0.0    603.20697
46.62645    0.0    512.186
46.63812    0.0    402.62407
46.64979    0.0    416.41217
46.66146    0.0    361.35522
46.67313    0.0    292.62435
46.6848    11.23112    152.94295
46.69647    34.55847    41.44975
46.70814    27.68346    0.0
46.71981    133.83188    0.0
46.73148    106.98651    0.0
46.74315    829.95993    0.0
46.75482    919.34303    0.0
46.76649    1193.85685    0.0
46.77816    1113.80719    0.0
46.78983    1066.80208    0.0
46.8015    1121.38565    0.0
46.81317    1184.58442    0.0
46.82484    1366.74977    0.0
46.83651    1429.83199    0.0
46.84818    1603.05333    0.0
46.85985    1485.52934    0.0
46.87152    1610.30254    0.0
46.88319    1496.64    0.0
46.89486    1439.82249    0.0
46.90653    1261.52476    0.0
46.9182    1328.68388    0.0
46.92987    1029.14834    0.0
46.94154    948.53588    0.0
46.95321    974.56712    0.0
46.96488    895.4044    0.0
46.97655    814.58639    0.0
46.98822    779.16808    0.0
46.99989    757.80531    0.0
47.01156    769.64229    0.0
47.02323    821.03187    0.0
47.0349    723.9115    0.0
47.04657    817.61003    0.0
47.05824    650.47079    0.0
47.06991    734.76731    0.0
47.08158    760.667    0.0
47.09325    819.50937    0.0
47.10492    850.59038    0.0
47.11659    826.97531    0.0
47.12826    871.07769    0.0
47.13993    820.74947    19.02635
47.1516    868.44442    18.67667
47.16327    842.62631    20.6082
47.17494    780.20034    63.48303
47.18661    745.581    142.114
47.19828    798.64661    122.18911
47.20995    761.08736    68.82117
47.22162    799.17212    310.97
47.23329    836.26731    371.1688
47.24496    644.51416    634.5224
47.25663    608.59421    1073.90315
47.2683    673.40214    1290.45378
47.27997    574.23499    1175.86142
47.29164    505.9357    1281.31829
47.30331    282.08522    1250.20328
47.31498    241.83877    1398.92829
47.32665    116.75945    1356.82661
47.33832    159.40904    1386.77592
47.34999    52.14011    1480.53109
47.36166    26.68477    1563.61267
47.37333    58.71831    1521.96509
47.395    0.02186    1401.19707
47.40578    185.79468    1267.81427
47.41656    27.14151    1305.46539
47.42734    64.00804    1221.39192
47.43812    58.44148    1253.98238
47.4489    43.78748    1147.03262
47.45968    64.16988    1221.38266
47.47046    96.084    1071.02862
47.48124    15.46356    1056.72854
47.49202    87.98301    918.54459
47.5028    46.1121    945.35794
47.51358    20.2174    1004.949
47.52436    0.0    1000.23385
47.53514    0.0    1055.29965
47.54592    0.0    1036.46877
47.5567    0.0    1051.25312
47.56748    0.0    1074.52479
47.57826    0.0    967.29801
47.58904    0.0    1042.664
47.59982    0.0    983.88447
47.6106    0.0    1035.53449
47.62138    0.0    885.88417
47.63216    0.0    824.6998
47.64294    0.0    850.44185
47.65372    0.0    810.8715
47.6645    0.0    857.46754
47.67528    0.0    969.32187
47.68606    0.0    836.80017
47.69684    0.0    907.07352
47.70762    0.0    948.24673
47.7184    0.0    791.63348
47.72918    0.0    901.8725
47.73996    0.0    921.33936
47.75074    0.0    631.38652
47.76152    0.0    645.99706
47.7723    0.0    709.36147
47.78308    0.0    719.30511
47.79386    0.0    608.54845
47.80464    0.0    500.79936
47.81542    0.0    312.97534
47.8262    0.0    196.07304
47.83698    0.0    116.80761
47.84776    0.0    158.92314
47.85854    0.0    0.0
47.86932    0.0    0.0
47.8801    4.66251    0.0
47.89088    451.72173    0.0
47.90166    354.8163    0.0
47.91244    581.19256    0.0
47.92322    791.06388    0.0
47.934    1013.33506    0.0
47.94478    1145.87082    0.0
47.95556    1312.8332    0.0
47.96634    1368.07541    0.0
47.97712    1242.65803    0.0
47.9879    1437.9717    0.0
47.99868    1488.54522    0.0
48.00946    1478.12704    0.0
48.02024    1573.07427    0.0
48.03102    1646.28055    0.0
48.0418    1636.13459    0.0
48.05258    1520.71201    0.0
48.06336    1352.28993    0.0
48.07414    1360.13038    0.0
48.08492    1310.7931    0.0
48.0957    1087.12793    0.0
48.10648    1125.21963    0.0
48.11726    1080.82289    0.0
48.12804    799.14361    0.0
48.13882    944.30769    0.0
48.1496    795.89214    0.0
48.16038    820.16536    0.0
48.17116    773.33177    0.0
48.18194    835.47731    0.0
48.19272    864.758    0.0
48.2035    834.71772    0.0
48.21428    751.81254    0.0
48.22506    664.63299    0.0
48.23584    678.6198    0.0
48.24662    753.75289    0.0
48.2574    806.47508    0.0
48.26818    794.18312    0.0
48.27896    741.33332    0.0
48.28974    817.59067    0.0
48.30052    858.65917    20.1784
48.3113    800.35874    74.97174
48.32208    736.9783    39.73481
48.33286    741.62016    93.72967
48.34364    983.92561    74.65025
48.35442    734.27238    21.20768
48.3652    700.78541    2.18041
48.37598    848.744    118.70269
48.38676    795.68625    324.23034
48.39754    699.0867    510.67659
48.40832    697.10667    657.99974
48.4191    551.70434    641.49131
48.42988    418.27891    775.9401
48.44066    287.15058    846.24753
48.45144    385.87694    919.68285
48.46222    327.1682    1066.46348
48.483    0.0    1158.502
48.49462    0.0    1255.06234
48.50624    0.0    1397.59279
48.51786    0.0    1327.91708
48.52948    0.0    1321.21351
48.5411    0.0    1254.10722
48.55272    0.0    1133.77617
48.56434    0.0    1052.42448
48.57596    0.0    1056.16349
48.58758    0.0    926.49206
48.5992    0.0    770.43993
48.61082    0.0    747.48265
48.62244    0.0    843.34421
48.63406    0.0    838.76856
48.64568    0.0    751.80848
48.6573    0.0    626.40827
48.66892    0.0    777.39116
48.68054    0.0    675.51802
48.69216    0.0    667.67091
48.70378    0.0    669.80671
48.7154    0.0    702.77781
48.72702    0.0    792.93442
48.73864    0.0    816.27386
48.75026    0.0    753.25614
48.76188    0.0    796.00269
48.7735    0.0    878.93927
48.78512    0.0    917.6338
48.79674    0.0    978.29707
48.80836    0.0    898.21137
48.81998    0.0    821.57425
48.8316    0.0    865.23696
48.84322    0.0    848.48546
48.85484    0.0    897.00084
48.86646    0.0    983.73545
48.87808    0.0    873.38024
48.8897    0.0    897.53447
48.90132    0.0    829.19668
48.91294    0.0    921.36434
48.92456    0.0    879.99123
48.93618    0.0    701.17965
48.9478    0.0    667.671
48.95942    0.0    338.44808
48.97104    24.32073    260.76616
48.98266    63.47388    93.17787
48.99428    71.36994    92.75166
49.0059    58.68257    81.66327
49.01752    6.65877    10.81219
49.02914    122.96363    0.0
49.04076    167.65524    0.0
49.05238    363.51313    0.0
49.064    635.7535    0.0
49.07562    1035.20861    0.0
49.08724    1026.75828    0.0
49.09886    1140.27244    0.0
49.11048    1143.7109    0.0
49.1221    1180.40043    0.0
49.13372    1479.85116    0.0
49.14534    1512.32426    0.0
49.15696    1623.64812    0.0
49.16858    1624.47108    0.0
49.1802    1620.1605    0.0
49.19182    1585.10927    0.0
49.20344    1682.74902    0.0
49.21506    1488.08191    0.0
49.22668    1299.71993    0.0
49.2383    1283.06729    0.0
49.24992    1202.32637    0.0
49.26154    1099.80432    0.0
49.27316    976.14962    0.0
49.28478    857.65966    0.0
49.2964    834.98435    0.0
49.30802    808.83471    0.0
49.31964    720.95851    0.0
49.33126    634.03181    0.0
49.34288    682.57119    0.0
49.3545    597.40659    0.0
49.36612    597.55294    0.0
49.37774    712.32918    0.0
49.38936    841.05157    0.0
49.40098    681.60349    0.0
49.4126    656.23768    0.0
49.42422    712.625    0.0
49.43584    794.77096    0.0
49.44746    772.49124    0.0
49.45908    787.73635    0.0
49.4707    717.34886    0.0
49.48232    812.86929    4.88655
49.49394    786.47002    65.58627
49.50556    817.82242    66.42536
49.51718    790.68667    157.6462
49.5288    703.65395    294.14134
49.54042    766.1216    521.78909
49.55204    648.26923    803.31898
49.56366    665.63051    802.4648
49.57528    643.42977    941.92142
49.5869    525.12313    1150.67708
49.59852    436.42032    1230.48004
49.61014    438.44005    1344.488
49.62176    342.38341    1349.77689
49.63338    175.47924    1413.651
49.655    0.0    1390.20628
49.66697    0.0    1359.18513
49.67894    0.0    1344.488
49.69091    0.0    1355.29075
49.70288    0.0    1178.61882
49.71485    0.0    1173.62073
49.72682    0.0    1016.43399
49.73879    0.0    796.29709
49.75076    0.0    811.98161
49.76273    0.0    698.29818
49.7747    0.0    672.14008
49.78667    0.0    679.57673
49.79864    0.0    750.43689
49.81061    0.0    712.87699
49.82258    0.0    722.38928
49.83455    0.0    621.01679
49.84652    54.00126    729.36183
49.85849    26.91892    741.69545
49.87046    38.92181    726.85282
49.88243    11.6833    677.31175
49.8944    0.0    646.06135
49.90637    0.0    618.54746
49.91834    0.0    606.17006
49.93031    0.0    646.83723
49.94228    0.0    600.02175
49.95425    0.0    519.51995
49.96622    0.0    635.86332
49.97819    0.0    726.92682
49.99016    0.0    645.13548
50.00213    0.0    707.7419
50.0141    0.0    703.73136
50.02607    0.0    620.96679
50.03804    0.0    556.52663
50.05001    0.0    646.35248
50.06198    0.0    617.45401
50.07395    0.0    535.66678
50.08592    0.0    484.45215
50.09789    0.0    365.97057
50.10986    0.0    271.70545
50.12183    0.0    192.7086
50.1338    0.0    91.79383
50.14577    37.96984    0.0
50.15774    13.01627    0.0
50.16971    94.88042    0.0
50.18168    307.74576    0.0
50.19365    495.81582    0.0
50.20562    861.33102    0.0
50.21759    1007.457    0.0
50.22956    1198.46994    0.0
50.24153    1242.95523    0.0
50.2535    1354.78406    0.0
50.26547    1220.33727    0.0
50.27744    1485.86051    0.0
50.28941    1582.13793    0.0
50.30138    1509.01118    0.0
50.31335    1465.38855    0.0
50.32532    1685.34683    0.0
50.33729    1648.03533    0.0
50.34926    1578.89656    0.0
50.36123    1413.54263    0.0
50.3732    1398.67795    0.0
50.38517    1233.08551    0.0
50.39714    1076.24368    0.0
50.40911    822.72931    0.0
50.42108    945.27465    0.0
50.43305    858.23159    0.0
50.44502    908.197    0.0
50.45699    898.36723    0.0
50.46896    848.94753    0.0
50.48093    795.79123    0.0
50.4929    755.62322    0.0
50.50487    672.59    0.0
50.51684    742.31644    0.0
50.52881    790.74033    0.0
50.54078    788.68311    0.0
50.55275    886.36181    0.0
50.56472    835.18577    0.0
50.57669    901.5543    0.0
50.58866    937.69476    0.0
50.60063    1028.74839    0.0
50.6126    1020.26702    0.0
50.62457    1087.7871    0.0
50.63654    760.44468    0.0
50.64851    899.02256    11.06541
50.66048    917.96597    66.81187
50.67245    982.47687    189.4772
50.68442    978.24061    152.51243
50.69639    902.26534    298.1181
50.70836    765.81202    836.04671
50.72033    705.41799    940.04076
50.7323    689.96193    1098.78848
50.74427    629.97601    1010.27133
50.75624    552.43888    1210.59223
50.76821    483.7386    1161.35936
50.78018    405.08943    1352.23154
50.79215    328.46372    1495.55865
50.80412    236.27744    1571.58487
50.81609    112.85007    1517.43323
50.82806    60.9043    1546.21338
50.84003    38.3262    1525.9115
